15
10
9
-1
0
1
1
0
1
1
1
0
0
0
1
1
1
1
1
1
1
1
1
1
1
0
0
1
0
0
0
0
0
1
0
1
1
0
1
0
0
-1
1
0
1
1
1
1
1
1
0
0
1
0
0
1
0
1
0
0
0
0
0
0
1
1
1
1
0
1
0
1
0
1
0
1
1
1
0
-1
2
1
0
0
1
0
0
0
1
0
0
0
1
0
0
1
1
1
1
0
1
0
0
1
0
1
0
1
0
1
1
0
0
1
0
0
1
-1
3
0
0
0
0
0
0
0
1
0
0
1
0
1
0
0
1
0
0
0
1
0
0
0
1
1
1
0
1
1
1
0
0
0
1
0
1
-1
4
0
1
0
0
0
0
0
0
0
1
0
1
0
1
0
1
1
1
1
1
1
0
1
0
1
1
1
1
0
0
0
0
1
0
0
1
-1
5
0
0
0
1
0
0
0
1
0
1
1
1
1
1
1
0
1
0
0
1
1
1
1
0
1
0
1
1
1
0
1
0
1
0
0
0
-1
6
1
0
1
1
1
1
1
1
1
0
0
1
0
1
1
1
0
0
0
1
1
1
1
0
0
0
1
1
0
1
0
1
1
1
1
0
-1
7
1
1
1
1
1
1
1
0
1
1
1
1
1
1
1
1
1
1
1
1
1
1
1
1
1
1
1
0
0
0
1
1
1
1
0
0
-1
8
0
1
1
1
1
0
1
1
0
1
1
1
0
1
1
0
1
0
1
0
0
1
0
1
1
1
1
1
1
1
1
1
1
1
1
1
-1
9
1
1
0
0
0
1
0
0
1
0
0
1
0
1
0
0
0
0
0
1
0
1
0
0
1
0
0
1
0
0
0
1
0
1
0
1
-1
10
1
0
1
0
0
0
0
1
0
0
0
1
1
0
0
1
1
1
0
0
0
1
0
0
0
1
1
0
0
1
0
1
1
0
0
0
-1
11
1
1
1
1
1
1
1
1
1
0
0
0
1
1
1
0
0
0
1
0
1
1
1
0
1
1
0
1
1
1
1
0
1
1
0
0
-1
12
1
0
0
0
1
0
0
0
1
1
1
0
0
1
0
0
1
1
1
1
1
1
1
1
1
1
1
1
1
0
0
1
1
1
1
1
-1
13
1
1
0
0
1
1
1
0
0
0
1
1
1
1
0
0
0
1
1
0
1
1
0
1
1
0
0
0
1
0
0
1
1
1
1
1
-1
14
0
0
1
1
1
1
1
1
1
1
1
0
0
0
1
0
1
0
1
1
1
0
1
1
1
1
1
0
1
0
1
1
1
1
0
1
-1
15
1
0
0
1
0
0
1
0
1
1
0
1
1
1
0
1
0
1
0
1
1
0
0
1
1
1
1
0
0
0
0
0
1
1
0
1
-1
16
1
1
1
1
0
1
0
1
1
0
0
0
1
0
0
1
0
0
1
1
0
0
1
1
1
1
1
1
0
1
0
0
0
0
0
0
-1
17
1
1
0
0
1
0
1
0
1
0
1
0
0
1
1
0
0
1
1
0
1
0
1
1
1
1
1
1
0
1
0
1
1
1
0
0
-1
18
1
1
1
1
0
1
1
0
1
1
0
1
0
0
1
1
0
1
1
1
0
1
1
1
1
0
0
0
1
1
0
0
1
0
0
0
-1
19
1
1
1
1
1
1
1
1
1
1
0
1
1
1
1
0
1
1
1
1
1
1
0
0
0
1
1
1
1
1
0
0
1
1
1
0
-1
20
0
1
0
1
0
1
1
0
1
0
1
0
0
0
1
0
1
1
1
1
0
0
0
0
0
0
1
0
1
1
0
1
0
1
1
0
-1
21
0
1
1
0
1
0
0
0
0
0
0
1
1
1
0
1
1
1
1
1
0
0
0
1
1
0
0
1
0
1
0
0
1
0
0
0
-1
22
1
1
1
1
0
1
1
0
0
1
1
1
1
1
1
1
1
1
1
1
1
0
0
1
0
1
1
0
0
0
0
0
1
1
1
0
-1
23
1
1
1
0
0
0
0
0
0
1
1
0
0
0
0
1
1
0
0
1
0
0
1
1
0
0
0
1
1
0
1
1
0
0
0
0
-1
24
0
0
1
0
0
0
0
1
0
0
0
0
1
1
0
1
0
1
1
1
1
0
0
0
1
0
1
0
0
1
0
1
0
0
0
1
-1
25
0
1
1
0
1
1
1
0
1
0
1
1
0
1
0
1
1
1
0
1
1
0
0
0
0
0
0
1
1
1
0
1
0
1
1
0
-1
26
0
1
1
1
1
1
0
0
1
1
1
1
1
0
0
1
0
0
0
0
1
0
1
1
0
1
0
1
1
1
1
1
1
1
1
1
-1
27
1
1
1
1
1
1
1
1
1
0
1
0
1
0
1
1
0
1
0
1
1
0
1
1
1
0
0
0
0
1
1
0
0
1
0
0
-1
28
0
0
0
0
1
0
1
1
1
1
0
0
0
0
0
1
1
1
0
1
1
1
1
1
0
0
1
1
0
0
0
1
1
0
1
1
-1
29
1
1
0
1
0
1
0
1
1
1
0
0
1
0
0
1
1
0
0
1
0
0
0
0
1
0
1
1
1
0
1
1
0
1
0
1
-1
30
0
0
1
0
1
1
1
0
0
1
1
1
1
1
1
1
1
1
0
1
0
0
0
0
0
0
0
1
0
1
1
1
0
1
1
1
-1
31
0
1
0
0
0
0
1
1
0
0
1
1
0
0
1
0
0
1
1
0
0
0
1
0
0
1
0
1
0
1
1
0
1
0
0
1
-1
32
1
1
1
0
1
0
0
1
0
1
0
1
0
1
0
0
1
1
1
1
0
0
0
1
1
1
0
0
1
1
0
0
1
0
1
0
-1
33
1
1
1
1
1
1
1
1
1
1
0
0
0
1
1
0
0
1
0
1
0
1
0
1
1
0
1
0
0
1
0
0
0
0
1
0
-1
34
0
1
0
0
0
0
0
0
1
0
1
1
0
0
0
0
0
0
0
1
0
1
0
1
0
0
1
1
1
1
0
1
0
1
1
1
-1
35
0
0
1
0
0
1
0
0
1
1
1
1
0
0
1
0
1
1
1
1
0
0
0
0
0
1
1
0
1
1
1
0
1
1
0
0
-1
36
0
0
0
1
1
1
1
0
1
1
1
0
1
0
0
0
0
1
1
1
1
1
1
1
1
1
1
0
1
0
0
0
0
1
1
0
-1
37
1
1
1
1
0
0
0
0
0
0
1
1
0
0
1
1
0
0
0
1
0
1
1
1
1
0
1
0
1
1
0
1
1
0
1
1
-1
38
0
1
0
0
1
0
0
1
1
1
1
1
0
1
0
1
0
0
0
1
1
0
1
0
0
1
0
1
1
1
1
1
1
1
1
1
-1
39
1
0
1
1
0
1
0
0
0
1
1
0
0
0
1
0
0
1
1
1
1
1
0
0
1
0
1
0
1
0
0
1
1
0
1
0
-1
40
1
1
1
1
1
1
1
1
1
1
1
1
1
1
1
1
1
1
0
1
0
1
0
1
1
1
0
1
1
1
1
1
1
0
1
1
-1
41
0
1
1
0
0
0
0
0
1
1
1
1
0
1
0
1
1
0
1
1
1
1
1
0
1
1
0
0
1
1
0
0
0
1
0
1
-1
42
0
0
0
1
0
1
0
0
0
0
1
0
1
1
0
1
1
1
0
1
0
1
1
0
1
1
0
0
0
0
0
0
0
0
1
1
-1
43
1
1
1
0
0
0
1
0
0
1
1
0
1
0
1
1
1
1
0
0
0
1
1
0
0
1
0
1
1
0
1
0
0
0
0
1
-1
44
0
1
1
0
1
0
1
0
0
0
0
0
1
0
1
0
1
1
0
0
1
1
1
0
0
0
1
0
0
1
1
0
1
0
1
0
-1
45
0
1
1
0
1
1
1
0
0
1
1
0
1
0
0
1
1
0
0
1
1
1
0
0
1
1
1
0
1
0
0
1
0
0
1
0
-1
46
1
1
1
1
0
0
0
0
1
0
1
0
1
1
1
1
1
0
0
1
0
1
0
1
1
0
0
0
0
1
1
0
0
1
1
1
-1
47
0
1
1
1
0
0
0
1
1
0
1
1
1
0
1
0
1
1
0
0
0
0
1
1
1
1
1
1
0
0
0
0
1
0
0
0
-1
48
1
0
0
0
1
0
0
1
1
1
1
0
1
0
0
1
0
1
1
1
1
1
1
1
0
1
0
0
0
0
1
0
0
1
0
1
-1
49
1
1
1
1
1
1
1
1
1
0
0
1
0
0
0
0
0
0
1
1
0
0
0
1
1
0
1
1
1
0
0
0
1
0
0
1
-1
50
0
0
1
1
1
0
0
0
0
1
0
1
0
0
0
1
0
1
0
0
0
1
1
0
0
0
0
0
0
1
1
0
0
0
1
1
-1
51
0
1
0
0
0
0
1
0
1
0
1
0
0
0
1
0
1
0
0
0
0
0
1
0
1
1
1
0
1
1
0
1
1
0
0
1
-1
52
0
0
0
1
1
0
0
0
1
0
1
0
0
0
0
1
0
0
1
0
1
0
1
0
1
0
1
0
1
1
0
1
0
0
0
1
-1
53
1
1
1
1
1
1
1
1
1
0
1
1
0
1
1
1
0
0
1
1
1
1
1
1
1
0
1
0
0
1
0
1
1
1
1
1
-1
54
1
0
0
0
1
1
1
0
0
1
1
1
0
1
1
1
1
0
0
1
0
0
0
0
1
1
1
0
0
0
0
1
0
1
0
0
-1
55
0
0
1
1
0
0
1
0
1
1
0
0
1
0
0
1
0
1
1
0
1
1
1
0
1
0
0
0
1
1
1
1
0
1
0
1
-1
56
1
1
1
1
1
1
1
1
1
1
0
0
1
1
0
0
1
0
1
1
1
1
1
0
0
0
0
0
1
1
0
0
1
1
1
0
-1
57
0
0
1
1
1
0
1
1
1
0
0
0
1
0
1
0
0
0
0
1
0
0
1
1
1
1
0
0
1
1
0
0
0
0
1
1
-1
58
0
0
1
0
0
0
1
1
1
1
0
0
0
0
0
1
0
1
1
1
1
1
1
1
1
1
1
1
1
1
1
1
1
1
1
1
-1
59
1
0
0
1
0
0
0
0
0
1
0
1
0
1
1
0
0
1
1
1
0
1
1
1
0
0
0
1
1
0
0
0
1
0
1
1
-1
60
1
1
1
0
1
0
0
0
0
0
0
0
1
1
0
0
1
1
0
0
0
0
0
0
0
1
1
1
0
1
0
1
1
0
0
1
-1
61
0
1
1
1
0
1
1
0
0
0
1
0
1
1
1
0
0
1
0
0
0
0
0
0
0
1
0
0
1
1
0
0
1
1
0
1
-1
62
1
1
0
1
1
1
1
0
0
0
1
0
1
0
1
1
0
0
1
0
1
1
1
0
1
1
1
0
0
0
0
1
1
1
1
0
-1
63
1
0
0
0
1
1
1
1
0
0
1
0
1
1
1
0
0
0
0
0
0
0
1
1
1
1
0
1
1
0
1
1
0
1
1
0
-1
64
0
0
0
0
0
0
0
1
1
0
1
1
0
0
1
0
1
0
1
0
1
0
0
1
1
1
0
1
0
0
1
1
1
1
0
0
-1
65
1
1
1
1
1
1
0
0
1
0
1
0
1
1
0
0
1
1
0
0
0
1
0
1
0
1
1
0
0
1
0
1
1
0
1
1
-1
66
1
1
1
0
1
0
0
0
1
1
1
1
0
1
1
0
0
1
1
1
0
1
1
0
0
1
1
0
1
1
1
0
0
0
0
1
-1
67
0
1
1
0
0
0
1
1
0
1
1
1
1
1
1
1
1
1
1
1
0
1
0
0
1
1
0
1
0
0
1
1
0
1
0
0
-1
68
1
1
1
1
1
1
1
1
1
1
0
0
0
1
1
0
0
0
1
1
0
1
1
0
1
1
0
1
1
0
0
0
0
1
1
0
-1
69
0
0
1
0
1
0
0
1
0
0
0
0
0
0
1
0
1
0
0
0
0
1
0
1
1
1
1
0
0
1
1
0
0
1
0
1
-1
70
1
1
1
1
1
1
1
1
1
1
0
0
1
1
1
1
0
0
0
0
1
0
1
0
0
1
0
1
1
1
0
0
0
1
1
1
-1
71
1
0
1
1
1
1
1
0
1
1
1
1
0
0
1
0
1
0
0
1
0
1
0
1
0
1
0
0
1
1
0
0
1
1
0
0
-1
72
1
0
0
0
1
1
0
1
0
0
1
0
0
0
0
1
0
1
0
1
0
1
0
1
0
0
0
1
1
1
0
1
1
0
0
1
-1
73
0
1
0
1
0
1
0
1
0
0
0
0
1
0
0
0
1
0
1
1
1
0
1
1
0
0
0
1
1
0
1
0
0
1
1
1
-1
74
0
0
1
1
0
0
1
0
0
0
1
0
0
1
1
0
1
0
1
1
1
1
1
1
1
1
1
1
1
0
1
0
0
0
1
1
-1
75
0
0
0
0
1
1
0
1
0
0
1
0
1
0
1
0
0
1
1
0
1
1
0
1
0
0
0
1
0
0
1
0
1
0
0
0
-1
76
0
1
0
0
0
1
0
0
0
1
1
0
0
1
1
0
0
1
0
1
0
0
0
1
0
0
1
0
0
1
0
1
1
1
0
1
-1
77
0
0
0
1
0
0
0
0
0
0
0
0
0
1
1
0
1
1
1
0
1
1
0
0
0
0
1
1
1
0
0
1
1
1
0
1
-1
78
0
0
0
0
0
1
0
0
0
1
0
1
1
0
1
0
0
1
0
1
0
0
1
0
0
0
0
0
1
1
0
1
0
1
0
0
-1
79
0
1
1
0
0
0
1
0
0
1
1
1
1
0
0
0
0
1
1
1
1
1
1
1
1
1
1
0
1
1
1
1
1
1
1
0
-1
80
0
0
0
0
0
1
1
0
0
1
0
0
1
1
1
0
1
0
0
0
1
1
1
1
1
1
1
1
0
1
1
1
0
0
1
1
-1
81
0
0
0
1
1
1
0
1
0
1
0
1
1
0
0
1
0
1
1
0
1
0
1
0
0
0
0
1
0
1
0
1
1
1
1
1
-1
82
1
1
1
1
1
1
1
1
1
1
0
1
0
0
1
0
1
1
0
1
0
0
1
1
1
0
1
1
0
1
1
0
0
1
1
0
-1
83
1
1
1
1
1
1
1
1
1
1
1
0
1
1
0
0
1
1
1
1
1
0
1
1
0
0
1
0
0
1
1
1
1
1
0
1
-1
84
0
0
0
0
0
1
0
1
0
1
0
0
0
0
1
0
1
0
1
1
1
0
1
0
0
1
0
0
1
1
0
1
0
0
1
0
-1
85
0
0
1
0
1
1
0
0
0
1
1
1
1
1
1
1
1
1
0
0
1
0
1
1
0
1
1
0
0
1
0
0
1
1
1
1
-1
86
0
1
0
0
0
1
1
1
1
0
0
1
0
1
1
1
1
0
0
1
1
1
1
1
1
0
1
0
0
0
1
1
0
0
1
1
-1
87
0
1
1
1
1
0
0
1
0
0
1
1
0
0
0
1
0
1
1
1
0
0
0
1
0
0
1
0
1
0
1
1
0
1
1
0
-1
88
0
1
0
0
0
0
1
1
1
0
0
1
0
0
1
0
1
1
0
1
1
1
1
0
0
0
0
0
0
0
1
0
1
1
0
0
-1
89
0
0
1
0
0
1
0
1
1
1
1
1
1
1
1
1
1
1
1
0
0
1
1
1
0
0
1
0
1
0
1
1
1
0
0
1
-1
90
1
0
1
1
0
1
1
0
0
1
0
0
0
0
0
0
0
1
1
1
1
1
1
1
1
1
1
1
1
1
1
1
0
1
1
1
-1
91
0
1
0
1
1
1
0
0
0
0
0
0
1
0
0
0
0
0
1
1
1
1
1
1
1
1
1
0
1
1
1
1
0
1
1
1
-1
92
0
1
0
0
1
1
1
0
0
1
1
1
1
1
0
1
0
0
0
0
1
1
0
1
1
1
0
0
0
0
1
0
1
0
1
0
-1
93
1
1
0
1
1
0
1
0
1
1
0
1
0
0
0
0
1
1
0
0
1
0
1
0
0
0
0
1
1
0
0
1
0
1
0
1
-1
94
0
0
1
1
1
1
1
0
0
0
0
1
1
1
1
0
0
1
1
0
1
1
1
1
0
1
1
0
0
1
0
1
0
1
1
1
-1
95
0
0
0
0
1
1
1
0
1
0
1
0
0
1
1
1
1
1
0
0
1
0
1
0
1
0
0
1
1
0
1
1
0
0
0
1
-1
96
0
1
0
1
1
0
0
0
0
0
0
0
0
0
1
1
0
0
1
1
1
1
1
1
1
1
1
1
0
0
1
0
1
1
1
0
-1
97
0
0
1
0
0
1
1
0
1
0
0
0
1
1
0
0
0
1
1
0
0
0
1
0
1
0
0
1
0
1
0
1
1
1
0
1
-1
98
1
0
1
1
0
0
1
1
1
1
0
0
1
1
1
1
0
1
1
1
1
1
1
1
1
1
1
0
0
1
1
0
1
1
0
0
-1
99
0
0
1
0
1
0
1
0
1
0
1
1
0
1
1
1
1
0
1
0
0
1
1
1
1
1
0
1
1
1
1
0
0
1
1
0
-1
100
1
0
0
0
0
1
1
0
1
1
0
1
1
1
0
1
1
0
1
1
0
0
1
0
0
1
0
0
1
0
1
0
0
1
1
1
-1
101
0
0
0
1
0
1
1
1
1
1
0
0
0
1
0
0
0
1
1
0
0
0
0
1
1
1
0
0
1
1
0
0
0
1
0
0
-1
102
1
0
1
0
1
0
1
0
0
1
0
0
0
1
0
1
0
1
0
0
0
0
0
1
1
1
0
1
1
0
1
1
0
1
1
1
-1
103
1
0
0
0
1
0
1
0
1
1
1
1
1
1
1
1
1
1
1
1
1
0
0
0
1
0
0
1
1
0
1
0
0
0
0
0
-1
104
0
1
1
0
1
0
1
0
1
0
0
1
1
1
0
0
0
0
1
1
0
1
1
1
0
0
1
1
0
0
1
0
0
0
1
0
-1
105
0
1
1
0
0
1
0
0
0
0
1
0
1
0
1
1
1
0
1
1
0
0
0
0
1
0
0
0
1
1
0
1
0
1
1
1
-1
106
0
1
0
1
0
0
0
0
1
0
0
1
1
0
0
0
1
0
1
1
1
1
1
1
0
0
0
1
0
0
1
0
0
0
0
1
-1
107
1
0
1
0
1
1
1
0
1
0
0
0
1
1
0
1
0
0
0
1
1
0
1
0
0
0
0
1
1
1
1
0
0
0
1
1
-1
108
0
1
1
1
0
0
0
0
1
0
1
1
1
1
0
1
0
0
0
1
1
1
0
1
1
1
0
0
1
1
0
1
1
1
0
0
-1
109
1
0
1
0
0
0
0
0
0
1
0
0
0
1
1
1
1
1
1
1
1
1
1
0
1
1
1
0
1
0
1
0
0
0
1
0
-1
110
1
1
0
1
0
1
1
1
0
0
1
1
1
0
0
1
0
0
1
0
1
1
1
1
1
1
1
0
1
1
1
0
1
1
1
0
-1
111
1
1
1
0
1
0
1
0
1
1
1
0
1
0
1
0
0
1
0
1
1
1
0
1
0
0
0
0
0
0
1
0
0
0
1
1
-1
112
1
1
1
0
0
1
0
0
0
1
1
0
0
0
0
1
1
1
1
1
1
1
1
1
1
1
1
1
0
0
0
0
1
1
0
1
-1
113
1
0
0
0
1
1
1
1
1
1
1
0
0
1
0
1
1
1
1
1
1
1
0
1
0
0
0
1
0
1
0
0
0
1
1
0
-1
114
1
1
0
1
0
0
0
1
0
1
0
1
1
0
1
1
0
1
0
0
1
1
0
1
1
0
0
1
0
0
0
0
1
0
1
1
-1
115
0
0
0
0
1
1
0
0
1
0
1
0
0
0
1
1
0
0
0
1
0
1
1
0
0
1
1
1
0
0
1
1
0
1
1
0
-1
116
1
0
0
0
0
1
0
1
0
1
1
0
0
1
0
0
0
1
1
1
0
1
0
1
0
0
1
0
1
1
0
1
0
1
0
1
-1
117
1
1
0
1
1
1
0
1
1
0
1
1
0
1
1
0
0
1
0
0
1
0
0
1
1
0
0
1
1
1
1
0
1
0
1
1
-1
118
0
1
0
0
0
1
1
0
1
1
0
0
1
1
0
0
0
0
0
1
0
0
1
1
0
1
1
1
1
0
0
1
1
0
0
1
-1
119
1
0
0
0
1
1
1
0
1
1
1
1
0
1
1
0
1
1
1
0
1
1
1
1
0
1
0
0
1
1
0
0
0
1
1
1
-1
120
1
1
0
1
0
0
1
0
0
0
0
0
1
0
1
0
0
1
1
1
0
1
0
0
0
0
1
1
1
1
1
1
1
1
1
1
-1
121
1
1
1
1
1
1
1
1
1
0
0
0
0
0
1
0
1
1
0
1
0
1
0
1
0
1
1
0
0
1
0
1
1
0
1
0
-1
122
1
1
0
0
1
1
0
1
1
1
0
0
1
0
1
0
0
1
1
1
0
1
0
1
0
1
0
0
0
1
1
1
1
0
1
0
-1
123
1
1
1
1
1
1
1
1
1
0
1
0
0
0
0
0
1
1
1
1
0
1
1
0
1
0
0
1
1
1
1
1
1
1
1
1
-1
124
1
0
1
0
1
0
1
0
1
0
1
0
1
0
0
0
0
0
1
0
1
1
0
1
0
1
1
0
0
0
1
0
1
0
0
1
-1
125
1
1
1
1
1
1
1
1
1
1
1
0
0
1
0
0
0
0
0
0
1
0
0
0
1
0
0
0
1
0
0
1
0
1
0
1
-1
126
1
0
1
0
0
1
0
1
1
1
0
1
1
0
0
1
1
0
1
0
0
1
0
0
0
0
1
1
1
1
1
1
1
1
1
1
-1
127
0
0
0
0
1
0
1
1
0
0
0
0
0
0
1
1
0
1
0
0
0
1
1
1
0
1
1
1
1
1
1
1
1
1
1
1
-1
128
0
1
1
1
1
0
1
0
0
1
0
0
0
0
1
1
1
1
0
0
1
1
0
1
1
0
1
1
1
1
1
1
1
1
1
1
-1
129
0
1
0
0
1
0
1
0
1
0
0
1
0
0
1
0
0
1
1
0
0
1
1
1
1
0
1
0
1
0
1
1
1
0
1
0
-1
130
1
0
0
0
0
0
1
1
0
0
0
1
1
1
1
1
1
1
0
1
0
0
0
1
1
1
1
0
1
1
1
0
0
1
1
1
-1
131
1
1
0
0
1
0
0
1
1
0
1
1
1
0
1
0
0
1
0
1
0
0
0
1
0
1
0
1
1
1
1
1
1
0
0
1
-1
132
0
1
0
1
1
1
1
0
1
0
1
0
1
0
0
0
0
1
0
0
0
0
1
1
1
0
1
0
0
1
0
0
1
0
0
0
-1
133
1
1
0
0
0
0
1
0
0
1
0
0
0
1
0
1
1
0
1
1
1
1
1
1
1
1
1
1
0
1
0
0
1
1
0
1
-1
134
1
1
1
0
0
1
1
0
1
0
1
1
0
0
1
0
0
0
1
1
1
1
0
1
0
0
1
1
0
0
1
1
0
0
1
0
-1
135
0
0
1
1
0
0
0
1
1
0
0
1
0
0
0
1
0
1
1
0
1
0
0
0
1
1
1
1
1
1
1
1
0
1
0
1
-1
136
1
0
1
1
0
1
1
1
0
1
1
0
1
1
1
0
0
1
0
1
1
0
1
1
1
1
1
0
1
0
1
1
1
0
1
1
-1
137
0
0
0
0
0
1
0
0
1
1
0
0
1
0
0
1
0
0
0
0
1
1
0
1
0
1
1
0
1
0
1
1
0
0
1
0
-1
138
1
1
1
1
0
1
0
0
1
0
1
0
0
1
1
1
1
0
1
1
1
1
1
1
1
1
1
0
1
1
1
1
0
0
0
0
-1
139
1
1
1
1
0
1
0
1
0
1
1
0
1
1
0
1
0
1
1
0
1
0
0
1
1
1
1
0
0
0
1
1
1
1
1
0
-1
140
1
0
0
1
1
0
1
0
0
1
1
1
1
1
1
1
1
1
1
1
0
0
0
1
0
1
1
1
1
0
1
1
1
1
0
1
-1
141
0
0
1
0
1
0
0
1
1
1
1
1
0
0
0
1
1
1
1
0
1
0
1
1
1
1
0
0
1
0
1
0
0
1
0
0
-1
142
1
1
0
0
1
0
0
1
0
0
0
1
1
1
0
1
0
0
1
1
1
1
1
1
1
1
1
0
1
0
1
1
1
1
1
0
-1
143
0
0
1
0
1
0
1
1
1
0
0
1
0
0
1
1
1
0
1
1
0
0
1
0
0
0
1
1
0
0
0
0
0
1
0
1
-1
144
1
0
0
1
0
0
1
0
0
0
0
1
1
1
0
0
1
1
0
1
0
0
0
0
0
1
0
1
0
1
0
0
0
1
0
1
-1
145
0
0
0
0
0
1
1
1
1
0
0
0
1
0
0
0
0
1
1
1
1
1
1
1
1
1
1
0
1
1
1
1
0
1
0
0
-1
146
1
0
1
1
0
1
0
0
1
0
1
1
1
1
0
1
1
0
0
1
1
0
0
0
0
0
1
1
1
1
1
1
1
1
1
1
-1
147
1
0
1
1
0
1
0
1
1
0
1
0
1
1
1
0
1
0
1
1
1
0
1
1
1
0
1
0
0
0
0
1
1
0
1
1
-1
148
1
0
0
0
0
1
1
1
1
0
0
0
1
1
1
0
0
1
0
1
1
0
1
1
0
1
1
0
0
0
1
1
1
0
0
0
-1
149
1
1
1
1
0
0
1
1
1
0
1
1
0
1
0
0
1
0
0
0
1
1
1
0
0
1
1
1
0
1
0
1
1
0
0
0